12,30
